% pilot data from excel for the original VMS experiment

% Run #,	Config #,	Time to Target (sec),	Desire/Adq,	rms(70%),...
% rms total,	cut-off (r/s),	rms of y-error,	rms of vb,	rms of phi,	rms of pb

pilot11_v1 = [36	5	3.4	2	0.4889	0.6984	1.864			2.1558	1.5512	5.3508	0.158
37	2	3.1	1	0.3808	0.544	2.459			1.1995	1.5555	4.6993	0.1129
38	4	4.5	1	0.3399	0.4856	2.738			1.2773	1.4083	3.5115	0.1082
39	1	4.4	1	0.2377	0.3396	4.8			1.4993	1.1127	2.4801	0.0661
40	3	3.8	2	0.5327	0.761	1.525			3.9786	2.9217	7.4342	0.1773
41	1	3.8	2	0.3479	0.497	4.267			3.035	2.5924	4.3189	0.0964
42	2	3.3	2	0.39	0.5571	1.782			4.6893	2.685	5.864	0.1094
43	4	6.1	2	0.329	0.47	2.748			1.8889	1.9822	4.308	0.1093
44	5	3.7	2	0.4667	0.6667	2.279			2.1789	1.6686	4.937	0.1413
45	3	3.8	2	0.721	1.03	1.851			2.3795	3.795	10.3266	0.2714
46	3	6.7	2	0.52	0.7429	1.56			1.9594	2.4701	7.5657	0.196
47	4	5	1	0.378	0.54	3.689			1.5262	1.3002	2.5245	0.0703
48	1	3.6	2	0.34	0.4857	4.136			2.1245	2.312	4.6728	0.0942
49	2	4.4	1	0.473	0.6757	2.555			1.1622	1.0792	3.8812	0.1415
50	5	4.8	1	0.549	0.784	2			1.4636	1.8812	5.6858	0.1708
51	2	4.6	2	0.347	0.4957	2.591			2.6715	1.7926	4.1991	0.0989
52	3	3.6	1	0.433	0.6186	2.384			1.0826	1.3036	3.9789	0.1256
53	5	3.7	2	0.541	0.7729	2.359			1.831	2.0676	6.1014	0.1831
54	1	3.6	2	0.366	0.5229	4.53			3.0111	2.3691	5.1683	0.1287
55	4	3.6	2	0.51	0.7286	1.468			2.3356	2.9165	7.7491	0.182
56	5	3.2	2	0.835	1.1929	2.033			3.4884	2.9001	9.1522	0.2877
57	1	4.2	2	0.467	0.6671	2.279			2.0819	1.5089	3.2797	0.1017
58	3	4.3	3	0.839	1.1986	1.692			5.2224	3.9075	10.4074	0.2975
59	4	4.6	2	0.37	0.5286	2.311			2.5447	1.0312	2.9594	0.0984
60	2	3.9	2	0.424	0.6057	1.342			3.0039	2.5602	6.109	0.1176
61	4	4.2	2	0.456	0.6514	1.623			1.8771	2.204	6.0261	0.1404
62	5	4.9	2	0.638	0.9114	2.4			2.2312	2.7216	7.5064	0.265
63	2	3.2	2	0.471	0.6729	2.52			1.8116	2.0922	5.5435	0.1367
64	3	3.6	3	0.65	0.9285	1.494			7.5874	4.1055	7.01	0.2069
65	1	3.9	2	0.359	0.5129	4.164			1.5989	1.716	3.438	0.0909
24	10	3	2	0.5495	0.785	2.875			3.4568	1.4236	6.1924	0.1971
25	6	4.4	1	0.242	0.3457	4.652			0.4631	0.773	3.7673	0.0613
26	9	3.7	1	0.189	0.27	3.22			0.8779	1.108	4.113	0.0482
27	7	4.3	1	0.258	0.3686	3.967			0.6582	0.8952	4.0986	0.0789
28	8	3.6	2	0.364	0.52	2.141			1.6559	1.8132	5.9201	0.1345
29	9	3.3	2	0.342	0.4886	3.588			1.8651	1.1224	4.8921	0.1078
30	8	4.6	2	0.316	0.4514	2.796			3.366	1.7137	5.0793	0.1321
31	7	4.47	2	0.228	0.3257	2.097			2.4816	1.9876	5.8331	0.1111
32	10	3.95	2	0.522	0.7457	2.645			3.0516	2.4298	7.2742	0.2114
33	6	3.6	2	0.3	0.4286	2.997			1.1836	1.4645	4.264	0.0853
34	10	3.4	2	0.353	0.5042	2.72			1.8479	1.74	6.4787	0.133
35	9	4	1	0.522	0.7457	3.04			1.5436	1.5733	5.4942	0.1837
36	8	3.2	2	0.432	0.6171	1.864			2.0346	2.0507	7.782	0.1744
37	6	3.4	1	0.339	0.4843	3.74			1.2124	1.2983	5.3527	0.1043
38	7	3.3	2	0.228	0.3257	3.539			1.5822	1.2803	4.9699	0.0616
39	6	4.2	1	0.246	0.3514	3.664			1.0308	0.9958	3.9089	0.0602
40	10	3.6	1	0.415	0.5929	3			1.5887	1.4746	4.9145	0.1169
41	9	3.8	1	0.329	0.47	3.268			0.5585	0.7149	3.2856	0.0492
42	8	3.2	2	0.461	0.6586	3.383			1.7332	1.7373	6.7582	0.1851
43	7	4.6	2	0.34	0.4857	3.07			2.2154	2.1271	4.8177	0.1066
44	10	3.6	1	0.451	0.6443	2.895			1.2163	1.7981	6.5353	0.1618
45	9	3.6	2	0.293	0.4186	3.49			1.6585	1.8807	4.8155	0.0922
46	8	4.2	3	0.422	0.6029	2.546			6.2241	3.9292	6.7244	0.1762
47	7	3.6	2	0.304	0.4343	3.43			1.5896	1.5041	5.6599	0.0988
48	6	4.2	1	0.227	0.3243	4.296			1.0665	0.7827	3.4966	0.0731
49	8	4.7	2	0.436	0.6229	2.327			4.2328	3.9581	8.8031	0.2443
50	7	4.6	1	0.317	0.4529	3.43			1.1812	1.3956	4.8679	0.1248
51	6	3.2	2	0.255	0.3643	3.967			1.1398	1.3158	5.2339	0.0821
52	10	2.8	2	0.713	1.0186	2.171			3.4393	2.7201	9.684	0.2794
53	9	3.1	1	0.26	0.3714	2.555			1.2968	1.3179	5.2787	0.0712];

pilot12_v1 = [6	5	4.7	1	0.3374	0.482	1.7639			1.3805	2.0136	6.3534	0.1724
7	2	4.4	3	0.4825	0.6893	1.7157			4.278	3.7323	9.7856	0.2524
8	4	4.6	2	0.2489	0.3556	2.8747			1.3871	1.4892	3.9723	0.1179
9	1	4.6	2	0.374	0.5343	3.8589			1.5889	1.6377	4.9206	0.1639
10	3	4.2	2	0.4003	0.5719	1.5517			2.2233	2.8487	8.4678	0.2092
11	3	4.1	1	0.4005	0.5721	2.2714			1.3798	1.9334	6.4767	0.1981
12	5	4.3	2	0.3169	0.4527	1.663			3.0601	2.494	6.4477	0.1595
13	2	4.6	1	0.3462	0.4946	1.9036			1.6138	2.0994	6.0539	0.172
14	4	4.6	1	0.4355	0.6221	2.0331			1.432	1.9754	6.5483	0.2176
15	1	4.3	1	0.2867	0.4096	4.7503			1.2493	1.2757	3.3802	0.1211
16	1	4.6	1	0.2327	0.3324	3.8058			1.3058	1.3161	3.4463	0.1013
17	3	4	2	0.3625	0.5179	1.4329			2.876	3.3308	8.6148	0.1913
18	5	3.8	2	0.3623	0.5176	2.0975			1.8637	2.2732	6.2375	0.1761
19	2	4.8	2	2.3272	nan	2.3272			1.9666	2.0648	5.3089	0.1768
20	4	5.1	1	0.2742	0.3917	2.7386			1.3695	1.385	3.8161	0.1261
21	4	4.3	2	0.3062	0.4374	2.2402			1.4845	1.7826	5.2791	0.1411
22	1	4.9	1	0.2591	0.3701	3.8857			1.1917	1.3404	3.1249	0.1112
23	3	3.9	2	0.3895	0.5564	1.6459			3.5917	3.1465	7.9568	0.2065
24	5	4.4	1	0.2111	0.3016	3.0703			1.1539	1.117	2.5249	0.089
25	2	4.2	2	0.6735	0.9621	2.0401			2.2192	3.0595	10.7501	0.3388
26	1	4.6	1	0.268	0.3829	5.0559			1.183	1.2037	2.9232	0.1042
27	2	4.1	1	0.3039	0.4341	1.8839			1.1359	1.4439	4.4943	0.142
28	3	4.1	2	0.5452	0.7789	1.858			1.89	2.7478	9.1828	0.268
29	4	4.3	1	0.4309	0.6156	2.6			1.4192	1.7366	5.9118	0.2037
30	5	4.1	1	0.3596	0.5137	2.2793			1.3434	1.3453	5.115	0.1685
31	3	4	1	0.452	0.6457	2.1194			1.4817	2.3086	7.8676	0.2294
32	4	4.4	2	0.4319	0.617	2.8847			2.0659	1.8445	5.6378	0.2032
33	5	3.8	1	0.2434	0.3477	2.4175			1.467	1.3324	3.6992	0.0995
34	1	4.6	1	0.3229	0.4613	4.0647			1.2727	1.6951	4.2183	0.1452
35	2	4.1	1	0.208	0.2971	1.9775			1.1861	1.0261	3.7389	0.0938
9	9	5.01	2	0.2879	0.4113	2.9047			2.1469	2.0347	5.994	0.154
10	6	6.4	1	0.2248	0.3211	4.4632			1.0279	1.6388	5.6337	0.1013
11	10	3.9	2	0.3606	0.5151	1.9168			3.1168	3.5291	10.089	0.2424
12	7	5.1	1	0.1723	0.2461	2.0472			3.0601	2.494	6.4477	0.1595
13	8	4.1	2	0.3195	0.4564	2.1865			1.6138	2.0994	6.0539	0.1702
14	7	4.8	1	0.2741	0.3916	3.1565			1.1334	1.6093	6.0339	0.1497
15	9	4.3	2	0.3163	0.4519	2.673			2.0239	2.424	7.7314	0.1856
16	8	4.2	1	0.3078	0.4398	2.36			1.1739	1.5616	6.5436	0.1779
17	10	4.4	2	0.5123	0.7319	2.5028			2.1054	2.8238	9.5478	0.3012
18	6	4	1	0.2588	0.3697	4.2667			1.1935	1.8966	6.6206	0.1312
19	10	4.1	1	0.3465	0.495	2.4683			1.7106	2.0163	7.1727	0.2003
20	7	4.4	2	0.329	0.47	2.1789			1.8732	2.1257	7.9095	0.1976
21	6	4.7	1	0.2141	0.3059	4.6365			1.2995	1.5491	5.2657	0.1034
22	8	6.2	2	0.2523	0.3604	1.6288			3.3642	2.8616	5.908	0.1636
23	9	4	1	0.2636	0.3766	2.2093			1.093	1.5032	6.5579	0.1544
24	8	4.4	2	0.3494	0.4991	2.1564			2.5543	2.3003	7.478	0.2123
25	10	4.2	2	0.4551	0.6501	2.1341			2.0297	2.7577	10.3344	0.2795
26	9	4.4	2	0.3456	0.4937	2.1789			2.1788	2.4598	8.6206	0.2085
27	6	4.6	2	0.4866	0.6951	4.5098			2.2322	2.0816	7.8993	0.2307
28	7	4.1	2	0.2928	0.4183	1.5625			3.9225	3.627	10.1834	0.214
29	10	3.6	2	0.3285	0.4693	1.9982			1.7362	2.1339	8.4286	0.2071
30	7	4.7	2	0.5039	0.7199	2.6			2.3896	2.5618	10.532	0.2916
31	8	3.7	1	0.5892	0.8417	2.7009			1.325	2.2026	9.7063	0.325
32	9	4.1	1	0.2093	0.299	2.976			1.0684	1.2274	5.2669	0.113
33	6	4.9	1	0.1888	0.2697	4.2519			0.6871	0.7613	4.2392	0.0844
34	6	4.8	1	0.2522	0.3603	5.1088			1.1442	1.1561	4.6113	0.116
35	8	4	2	0.208	0.2971	1.9778			2.6419	2.5092	7.8524	0.1592
36	9	4.8	1	0.2186	0.3123	3.1023			1.1052	1.1635	5.0235	0.1135
37	10	3.7	1	0.3317	0.4739	2.3843			1.6948	1.9433	7.4524	0.1907
38	7	4.4	2	0.2528	0.3611	5.0385			1.6513	1.6346	6.2556	0.1235];

