% pilot data from excel with retested conditions (c3 and c5, c8 and c10)

% Run #,	Config #,	Time to Target (sec),	Desire/Adq,	rms(70%),...
% rms total,	cut-off (r/s),	rms of y-error,	rms of vb,	rms of phi,	rms of pb

pilot11_v2 = [149	5	6	2	0.3135	0.4479	2.845			1.4781	1.3027	4.2072	0.137
37	2	3.1	1	0.3808	0.544	2.459			1.1995	1.5555	4.6993	0.1129
38	4	4.5	1	0.3399	0.4856	2.738			1.2773	1.4083	3.5115	0.1082
39	1	4.4	1	0.2377	0.3396	4.8			1.4993	1.1127	2.4801	0.0661
150	3	4.3	1	0.3205	0.4579	2.1415			1.5983	1.4302	4.0495	0.1459
41	1	3.8	2	0.3479	0.497	4.267			3.035	2.5924	4.3189	0.0964
42	2	3.3	2	0.39	0.5571	1.782			4.6893	2.685	5.864	0.1094
43	4	6.1	2	0.329	0.47	2.748			1.8889	1.9822	4.308	0.1093
152	5	4.2	2	0.2215	0.3164	2.618			1.7047	1.5493	2.807	0.0955
151	3	4.2	1	0.3441	0.4916	1.9503			1.5638	2.2566	8.0782	0.1961
154	3	4.2	2	0.3652	0.5217	2.7197			2.2764	2.0271	5.4539	0.1763
47	4	5	1	0.378	0.54	3.689			1.5262	1.3002	2.5245	0.0703
48	1	3.6	2	0.34	0.4857	4.136			2.1245	2.312	4.6728	0.0942
49	2	4.4	1	0.473	0.6757	2.555			1.1622	1.0792	3.8812	0.1415
153	5	4.5	2	0.3016	0.4309	2.3352			1.9434	1.5697	4.0782	0.1456
51	2	4.6	2	0.347	0.4957	2.591			2.6715	1.7926	4.1991	0.0989
156	3	4.8	2	0.2907	0.4153	1.7947			2.7346	1.8141	4.4799	0.1384
155	5	4.7	1	0.3789	0.5413	2.618			1.2809	1.5092	4.3212	0.1691
54	1	3.6	2	0.366	0.5229	4.53			3.0111	2.3691	5.1683	0.1287
55	4	3.6	2	0.51	0.7286	1.468			2.3356	2.9165	7.7491	0.182
157	5	5.2	1	0.3299	0.4713	2.7197			0.5956	0.851	3.066	0.1249
57	1	4.2	2	0.467	0.6671	2.279			2.0819	1.5089	3.2797	0.1017
158	3	4.2	2	0.2561	0.36586	1.5304			1.4065	1.6361	4.4729	0.1258
59	4	4.6	2	0.37	0.5286	2.311			2.5447	1.0312	2.9594	0.0984
60	2	3.9	2	0.424	0.6057	1.342			3.0039	2.5602	6.109	0.1176
61	4	4.2	2	0.456	0.6514	1.623			1.8771	2.204	6.0261	0.1404
160	5	5.5	1	0.3385	0.4836	2.1714			1.759	2.0794	5.8861	0.1902
63	2	3.2	2	0.471	0.6729	2.52			1.8116	2.0922	5.5435	0.1367
159	3	4.4	1	0.341	0.4871	2.8058			1.7757	1.5867	4.1798	0.1497
65	1	3.9	2	0.359	0.5129	4.164			1.5989	1.716	3.438	0.0909
126	10	5.6	1	0.0655	0.0936	3.7275			1.0924	0.895	3.6497	0.0406
25	6	4.4	1	0.242	0.3457	4.652			0.4631	0.773	3.7673	0.0613
26	9	3.7	1	0.189	0.27	3.22			0.8779	1.108	4.113	0.0482
27	7	4.3	1	0.258	0.3686	3.967			0.6582	0.8952	4.0986	0.0789
127	8	4.9	1	0.1128	0.1611	3.0175			0.8523	0.5187	3.209	0.0434
29	9	3.3	2	0.342	0.4886	3.588			1.8651	1.1224	4.8921	0.1078
128	8	6.7	2	0.1044	0.1491	1.7517			3.3654	1.5641	4.3248	0.0752
31	7	4.47	2	0.228	0.3257	2.097			2.4816	1.9876	5.8331	0.1111
129	10	5.9	1	0.2131	0.3044	3.0385			1.3845	1.1665	4.0478	0.1035
33	6	3.6	2	0.3	0.4286	2.997			1.1836	1.4645	4.264	0.0853
130	10	5.2	2	0.2547	0.3639	2.3843			2.5432	1.8335	5.1695	0.1237
35	9	4	1	0.522	0.7457	3.04			1.5436	1.5733	5.4942	0.1837
131	8	4.1	1	0.1256	0.1794	2.5465			1.0034	1.102	3.8429	0.054
37	6	3.4	1	0.339	0.4843	3.74			1.2124	1.2983	5.3527	0.1043
38	7	3.3	2	0.228	0.3257	3.539			1.5822	1.2803	4.9699	0.0616
39	6	4.2	1	0.246	0.3514	3.664			1.0308	0.9958	3.9089	0.0602
132	10	4.2	1	0.3633	0.519	2.7768			1.1437	1.2782	5.2218	0.1834
41	9	3.8	1	0.329	0.47	3.268			0.5585	0.7149	3.2856	0.0492
133	8	4.4	2	0.2351	0.3359	1.699			3.0212	2.9639	6.9551	0.1617
43	7	4.6	2	0.34	0.4857	3.07			2.2154	2.1271	4.8177	0.1066
134	10	4.5	1	0.1366	0.1951	3.6256			0.7649	1.1488	4.1718	0.0603
45	9	3.6	2	0.293	0.4186	3.49			1.6585	1.8807	4.8155	0.0922
135	8	5.6	2	0.2916	0.4166	2.3272			2.7459	2.0829	6.4685	0.1746
47	7	3.6	2	0.304	0.4343	3.43			1.5896	1.5041	5.6599	0.0988
48	6	4.2	1	0.227	0.3243	4.296			1.0665	0.7827	3.4966	0.0731
136	8	4.7	1	0.2049	0.2927	2.976			2.1154	0.7363	3.9535	0.1135
50	7	4.6	1	0.317	0.4529	3.43			1.1812	1.3956	4.8679	0.1248
51	6	3.2	2	0.255	0.3643	3.967			1.1398	1.3158	5.2339	0.0821
137	10	4.5	3	0.3843	0.549	2.083			5.7325	3.7682	8.7559	0.2511
53	9	3.1	1	0.26	0.3714	2.555			1.2968	1.3179	5.2787	0.0712];

pilot12_v2 = [121	5	5.1	1	0.4172	0.596	2.0615			1.0935	1.7365	6.239	0.2086
7	2	4.4	3	0.4825	0.6893	1.7157			4.278	3.7323	9.7856	0.2524
8	4	4.6	2	0.2489	0.3556	2.8747			1.3871	1.4892	3.9723	0.1179
9	1	4.6	2	0.374	0.5343	3.8589			1.5889	1.6377	4.9206	0.1639
122	3	4.3	2	0.3859	0.5513	1.7885			3.6088	2.8456	7.6815	0.195
123	3	4.3	1	0.4416	0.6309	1.9639			1.2984	2.0566	7.1269	0.2234
124	5	4.5	1	0.5007	0.7153	2.8351			1.4927	1.4576	5.5991	0.2319
13	2	4.6	1	0.3462	0.4946	1.9036			1.6138	2.0994	6.0539	0.172
14	4	4.6	1	0.4355	0.6221	2.0331			1.432	1.9754	6.5483	0.2176
15	1	4.3	1	0.2867	0.4096	4.7503			1.2493	1.2757	3.3802	0.1211
16	1	4.6	1	0.2327	0.3324	3.8058			1.3058	1.3161	3.4463	0.1013
125	3	4	2	0.3859	0.5513	1.7639			3.5169	3.0348	7.8443	0.1925
126	5	4.6	2	0.5478	0.7826	2.4344			1.7926	2.2444	7.9813	0.2697
19	2	4.8	2	2.3272	3.3246	2.3272			1.9666	2.0648	5.3089	0.1768
20	4	5.1	1	0.2742	0.3917	2.7386			1.3695	1.385	3.8161	0.1261
21	4	4.3	2	0.3062	0.4374	2.2402			1.4845	1.7826	5.2791	0.1411
22	1	4.9	1	0.2591	0.3701	3.8857			1.1917	1.3404	3.1249	0.1112
127	3	3.9	1	0.789	1.1271	2.4259			1.9915	2.7298	10.2237	0.3877
128	5	3.4	1	0.4277	0.611	2.7197			1.342	1.4919	5.3451	0.1989
25	2	4.2	2	0.6735	0.9621	2.0401			2.2192	3.0595	10.7501	0.3388
26	1	4.6	1	0.268	0.3829	5.0559			1.183	1.2037	2.9232	0.1042
27	2	4.1	1	0.3039	0.4341	1.8839			1.1359	1.4439	4.4943	0.142
129	3	3.9	1	0.3989	0.5699	2.5377			1.0284	1.4363	5.563	0.1896
29	4	4.3	1	0.4309	0.6156	2.6			1.4192	1.7366	5.9118	0.2037
130	5	4.7	1	0.4613	0.659	2.6546			1.0978	1.1982	5.2079	0.2172
131	3	4.1	1	0.3124	0.4463	2.5202			1.0145	1.0941	4.7067	0.1443
32	4	4.4	2	0.4319	0.617	2.8847			2.0659	1.8445	5.6378	0.2032
132	5	4.7	1	0.5305	0.7579	2.2714			1.3619	1.9089	7.0186	0.2597
34	1	4.6	1	0.3229	0.4613	4.0647			1.2727	1.6951	4.2183	0.1452
35	2	4.1	1	0.208	0.2971	1.9775			1.1861	1.0261	3.7389	0.0938
9	9	5.01	2	0.2879	0.4113	2.9047			2.1469	2.0347	5.994	0.154
10	6	6.4	1	0.2248	0.3211	4.4632			1.0279	1.6388	5.6337	0.1013
121	10	4.6	2	0.456	0.6514	2.3926			2.1154	2.2799	7.8196	0.263
12	7	5.1	1	0.1723	0.2461	2.0472			3.0601	2.494	6.4477	0.1595
122	8	4.9	1	0.6651	0.9501	2.845			1.401	1.9207	8.7051	0.3671
14	7	4.8	1	0.2741	0.3916	3.1565			1.1334	1.6093	6.0339	0.1497
15	9	4.3	2	0.3163	0.4519	2.673			2.0239	2.424	7.7314	0.1856
123	8	4.4	1	0.4597	0.6567	2.609			1.691	1.8699	7.5058	0.2557
124	10	4.5	1	0.5038	0.7197	2.9555			1.1019	1.5327	7.1764	0.2628
18	6	4	1	0.2588	0.3697	4.2667			1.1935	1.8966	6.6206	0.1312
125	10	4.4	1	0.1377	0.1967	3.9263			1.0018	0.9289	4.6121	0.0706
20	7	4.4	2	0.329	0.47	2.1789			1.8732	2.1257	7.9095	0.1976
21	6	4.7	1	0.2141	0.3059	4.6365			1.2995	1.5491	5.2657	0.1034
126	8	4	2	0.109	0.7	3.8589			1.3755	1.4941	4.8671	0.0631
23	9	4	1	0.2636	0.3766	2.2093			1.093	1.5032	6.5579	0.1544
127	8	4.6	1	0.1851	0.2644	2.5028			1.1316	1.3569	5.5545	0.1165
128	10	4.1	1	0.4079	0.5827	2.786			1.6087	2.4483	8.4076	0.243
26	9	4.4	2	0.3456	0.4937	2.1789			2.1788	2.4598	8.6206	0.2085
27	6	4.6	2	0.4866	0.6951	4.5098			2.2322	2.0816	7.8993	0.2307
28	7	4.1	2	0.2928	0.4183	1.5625			3.9225	3.627	10.1834	0.214
129	10	3.3	2	0.5386	0.7694	2.434			3.464	2.942	10.4842	0.3243
30	7	4.7	2	0.5039	0.7199	2.6			2.3896	2.5618	10.532	0.2916
130	8	3.9	2	0.788	1.1257	2.7009			1.8988	2.4335	11.1479	0.4514
32	9	4.1	1	0.2093	0.299	2.976			1.0684	1.2274	5.2669	0.113
33	6	4.9	1	0.1888	0.2697	4.2519			0.6871	0.7613	4.2392	0.0844
34	6	4.8	1	0.2522	0.3603	5.1088			1.1442	1.1561	4.6113	0.116
131	8	4.2	1	0.2739	0.3913	2.3031			1.4514	1.9268	7.6225	0.1774
36	9	4.8	1	0.2186	0.3123	3.1023			1.1052	1.1635	5.0235	0.1135
132	10	3.9	2	0.8453	1.2076	2.6			1.9885	2.726	11.7966	0.4927
38	7	4.4	2	0.2528	0.3611	5.0385			1.6513	1.6346	6.2556	0.1235];

